Epoch  Progress%         ETA  Training Loss  Validation Loss   Accuracy   F1 Macro   F1 Micro
---------------------------------------------------------------------------------------------
    1       5.00      00m25s       1.085100         1.076013   0.337662   0.287154   0.337662
    2      10.00      06m11s       1.028500         1.036481   0.366883   0.309162   0.366883
    3      15.00      07m40s       0.950300         0.908987   0.574675   0.491308   0.574675
    4      20.00      08m05s       0.887200         0.869984   0.607143   0.524374   0.607143
    5      25.00      08m04s       0.829400         0.841015   0.675325   0.594844   0.675325
    6      30.00      07m51s       0.795900         0.817259   0.668831   0.570644   0.668831
    7      35.00      07m29s       0.773200         0.798895   0.675325   0.603868   0.675325
    8      40.00      07m03s       0.750900         0.802649   0.672078   0.599213   0.672078
    9      45.00      06m34s       0.721600         0.789813   0.698052   0.627064   0.698052
   10      50.00      06m02s       0.711000         0.842190   0.652597   0.580142   0.652597
   11      55.00      05m29s       0.692800         0.794325   0.681818   0.614063   0.681818
   12      60.00      04m55s       0.681100         0.816467   0.613636   0.563550   0.613636
   13      65.00      04m20s       0.659000         0.849035   0.629870   0.566805   0.629870
   14      70.00      03m44s       0.648200         0.808538   0.655844   0.587947   0.655844

  eval_loss: 0.7898
  eval_accuracy: 0.6981
  eval_f1_macro: 0.6271
  eval_f1_micro: 0.6981
  eval_f1_weighted: nan
  epoch: 9.0000
  step: 3024
