Epoch  Progress%         ETA  Training Loss  Validation Loss   Accuracy   F1 Macro   F1 Micro
---------------------------------------------------------------------------------------------
    1       5.00      00m22s       1.090200         1.076867   0.220779   0.217014   0.220779
    2      10.00      05m38s       1.046300         1.010180   0.392857   0.358459   0.392857
    3      15.00      06m59s       1.021100         0.948338   0.483766   0.440176   0.483766
    4      20.00      07m21s       0.958900         0.902785   0.311688   0.327810   0.311688
    5      25.00      07m20s       0.913800         0.869879   0.587662   0.475028   0.587662
    6      30.00      07m07s       0.861900         0.914991   0.616883   0.437032   0.616883
    7      35.00      06m48s       0.840600         0.895040   0.629870   0.453951   0.629870
    8      40.00      06m24s       0.806600         0.871639   0.590909   0.509381   0.590909
    9      45.00      05m57s       0.798900         0.929175   0.613636   0.490027   0.613636
   10      50.00      05m27s       0.783700         0.876417   0.659091   0.535675   0.659091
   11      55.00      04m56s       0.777900         0.886296   0.610390   0.515009   0.610390
   12      60.00      04m25s       0.756300         0.908638   0.483766   0.472092   0.483766
   13      65.00      03m53s       0.737000         0.917262   0.470779   0.461109   0.470779
   14      70.00      03m20s       0.724500         0.930462   0.571429   0.511993   0.571429
   15      75.00      02m47s       0.747300         0.938675   0.610390   0.522321   0.610390

  eval_loss: 0.8764
  eval_accuracy: 0.6591
  eval_f1_macro: 0.5357
  eval_f1_micro: 0.6591
  eval_f1_weighted: nan
  epoch: 10.0000
  step: 3240
