Epoch  Progress%         ETA  Training Loss  Validation Loss   Accuracy   F1 Macro   F1 Micro
---------------------------------------------------------------------------------------------
    1       5.00      00m20s       0.977900         0.937709   0.607143   0.538160   0.607143
    2      10.00      06m51s       0.792500         0.914510   0.568182   0.556193   0.568182
    3      15.00      08m34s       0.591500         0.973098   0.568182   0.523261   0.568182
    4      20.00      09m01s       0.395800         1.069988   0.665584   0.564778   0.665584
    5      25.00      09m00s       0.259300         1.394102   0.646104   0.562427   0.646104
    6      30.00      08m46s       0.186500         1.547344   0.652597   0.537063   0.652597
    7      35.00      08m22s       0.158100         1.975431   0.662338   0.552494   0.662338
    8      40.00      07m53s       0.104600         2.329560   0.675325   0.592751   0.675325
    9      45.00      07m20s       0.065900         2.407738   0.701299   0.571415   0.701299
   10      50.00      06m45s       0.053500         2.484182   0.691558   0.571339   0.691558
   11      55.00      06m08s       0.031400         2.723764   0.714286   0.605999   0.714286
   12      60.00      05m30s       0.044300         2.928052   0.704545   0.602203   0.704545
   13      65.00      04m51s       0.033300         2.684193   0.701299   0.608412   0.701299
   14      70.00      04m11s       0.022600         3.016767   0.707792   0.602981   0.707792
   15      75.00      03m30s       0.016400         3.065247   0.688312   0.598463   0.688312
   16      80.00      02m49s       0.019200         3.111708   0.694805   0.592949   0.694805
   17      85.00      02m07s       0.012400         3.168369   0.681818   0.602733   0.681818
   18      90.00      01m25s       0.008500         3.217371   0.698052   0.610159   0.698052
   19      95.00      00m43s       0.009900         3.229358   0.701299   0.598896   0.701299
   20     100.00      00m00s       0.010600         3.243126   0.694805   0.583719   0.694805
