Epoch  Progress%         ETA  Training Loss  Validation Loss   Accuracy   F1 Macro   F1 Micro
---------------------------------------------------------------------------------------------
    1       5.00      01m12s       1.103300         1.054471   0.516234   0.348222   0.516234
    2      10.00      17m44s       1.081600         1.025416   0.571429   0.342654   0.571429
    3      15.00      22m32s       1.074500         1.028584   0.399351   0.276841   0.399351
    4      20.00      24m33s       1.063500         1.011896   0.561688   0.343789   0.561688
    5      25.00      24m47s       1.060400         1.005010   0.610390   0.376984   0.610390
    6      30.00      24m15s       1.049500         1.009755   0.613636   0.392987   0.613636
    7      35.00      23m21s       1.045000         0.998827   0.629870   0.348566   0.629870
    8      40.00      22m09s       1.050400         0.996464   0.610390   0.362278   0.610390
    9      45.00      21m37s       1.033200         1.002198   0.594156   0.336806   0.594156
   10      50.00      20m39s       1.038400         0.995833   0.620130   0.371435   0.620130
   11      55.00      19m04s       1.039500         0.990176   0.613636   0.386739   0.613636

  eval_loss: 0.9902
  eval_accuracy: 0.6136
  eval_f1_macro: 0.3867
  eval_f1_micro: 0.6136
  eval_f1_weighted: 0.5798
  eval_runtime: 5.3976
  eval_samples_per_second: 57.0620
  eval_steps_per_second: 3.7050
  epoch: 11.0000
  step: 2376
