Epoch  Progress%         ETA  Training Loss  Validation Loss   Accuracy   F1 Macro   F1 Micro
---------------------------------------------------------------------------------------------
    1       5.00      01m07s       1.072500         1.033126   0.500000   0.349655   0.500000
    2      10.00      17m19s       1.049800         1.047826   0.233766   0.207615   0.233766
    3      15.00      21m22s       1.025600         0.971060   0.545455   0.412117   0.545455
    4      20.00      22m41s       0.875700         0.866156   0.564935   0.520648   0.564935
    5      25.00      22m43s       0.796400         0.832884   0.603896   0.516914   0.603896
    6      30.00      22m07s       0.729000         0.833267   0.551948   0.505929   0.551948
    7      35.00      21m08s       0.681100         0.828399   0.568182   0.526959   0.568182
    8      40.00      19m56s       0.645400         0.815525   0.594156   0.553417   0.594156
    9      45.00      18m34s       0.611900         0.825902   0.561688   0.534940   0.561688
   10      50.00      17m06s       0.587900         0.874346   0.633117   0.573041   0.633117
   11      55.00      15m30s       0.573900         0.851159   0.590909   0.551139   0.590909
   12      60.00      13m49s       0.543100         0.852808   0.597403   0.571851   0.597403
   13      65.00      12m07s       0.512300         0.907256   0.623377   0.592007   0.623377
   14      70.00      10m25s       0.497600         0.894419   0.636364   0.582770   0.636364
   15      75.00      08m42s       0.498500         0.909311   0.613636   0.582814   0.613636
   16      80.00      07m00s       0.462000         0.921386   0.623377   0.579422   0.623377
   17      85.00      05m16s       0.471900         0.921679   0.623377   0.592983   0.623377
   18      90.00      03m32s       0.477100         0.932699   0.603896   0.575768   0.603896
   19      95.00      01m46s       0.447800         0.954184   0.610390   0.564915   0.610390
   20     100.00      00m00s       0.438000         0.950300   0.616883   0.580387   0.616883

  eval_loss: 0.9217
  eval_accuracy: 0.6234
  eval_f1_macro: 0.5930
  eval_f1_micro: 0.6234
  eval_f1_weighted: nan
  epoch: 17.0000
  step: 4320
