Epoch  Progress%         ETA  Training Loss  Validation Loss   Accuracy   F1 Macro   F1 Micro
---------------------------------------------------------------------------------------------
    1       5.00      00m20s       1.111400         1.124923   0.256494   0.136090   0.256494
    2      10.00      10m04s       1.109500         1.093142   0.256494   0.136090   0.256494
    3      15.00      12m38s       1.104600         1.096560   0.256494   0.136090   0.256494
    4      20.00      13m33s       1.105500         1.111102   0.256494   0.136090   0.256494
    5      25.00      13m28s       1.103000         1.077996   0.613636   0.339740   0.613636
    6      30.00      13m03s       1.100800         1.076827   0.668831   0.267185   0.668831
    7      35.00      12m25s       1.105100         1.094367   0.668831   0.267185   0.668831
    8      40.00      11m41s       1.107400         1.085622   0.668831   0.267185   0.668831
    9      45.00      10m53s       1.101800         1.102074   0.074675   0.046324   0.074675
   10      50.00      10m00s       1.100000         1.083627   0.668831   0.267185   0.668831

  eval_loss: 1.0836
  eval_accuracy: 0.6688
  eval_f1_macro: 0.2672
  eval_f1_micro: 0.6688
  eval_f1_weighted: 0.5361
  eval_runtime: 1.0866
  eval_samples_per_second: 283.4450
  eval_steps_per_second: 18.4060
  epoch: 10.0000
  step: 2160
