Epoch  Progress%         ETA  Training Loss  Validation Loss   Accuracy   F1 Macro   F1 Micro
---------------------------------------------------------------------------------------------
    1       5.00      01m48s       1.098500         1.013662   0.610390   0.388928   0.610390
    2      10.00       2h03m       1.044600         1.002172   0.564935   0.356553   0.564935
    3      15.00       2h35m       1.036100         0.990851   0.529221   0.379533   0.529221
    4      20.00       3h00m       1.027100         0.991801   0.392857   0.367334   0.392857
    5      25.00       3h08m       1.016800         0.975234   0.587662   0.381109   0.587662
    6      30.00       3h07m       0.996000         1.014717   0.649351   0.411168   0.649351
    7      35.00       3h02m       0.975400         0.954911   0.603896   0.451773   0.603896
    8      40.00       2h53m       0.934300         0.910436   0.545455   0.458414   0.545455
    9      45.00       2h43m       0.902700         0.929204   0.314935   0.312409   0.314935
   10      50.00       2h34m       0.886800         0.930182   0.525974   0.457948   0.525974
   11      55.00       2h23m       0.861500         0.914815   0.610390   0.483934   0.610390
   12      60.00       2h11m       0.845000         0.920405   0.357143   0.362593   0.357143
   13      65.00       1h57m       0.827400         0.927200   0.581169   0.486851   0.581169
   14      70.00       1h42m       0.813800         0.937062   0.399351   0.406250   0.399351
   15      75.00       1h27m       0.799300         0.939928   0.412338   0.417424   0.412338
   16      80.00       1h10m       0.795000         0.946316   0.415584   0.414611   0.415584
   17      85.00      53m48s       0.794800         0.938575   0.444805   0.427794   0.444805
   18      90.00      36m22s       0.797200         0.936511   0.438312   0.427601   0.438312

  eval_loss: 0.9272
  eval_accuracy: 0.5812
  eval_f1_macro: 0.4869
  eval_f1_micro: 0.5812
  eval_f1_weighted: nan
  epoch: 13.0000
  step: 3888
