Epoch  Progress%         ETA  Training Loss  Validation Loss   Accuracy   F1 Macro   F1 Micro
---------------------------------------------------------------------------------------------
    1       5.00      01m03s       1.071000         1.059108   0.412338   0.350231   0.412338
    2      10.00      16m12s       1.049600         1.029369   0.285714   0.275528   0.285714
    3      15.00      20m06s       1.040600         1.003169   0.493506   0.367906   0.493506
    4      20.00      21m11s       0.983700         0.940476   0.321429   0.341915   0.321429
    5      25.00      21m08s       0.856600         0.804494   0.616883   0.517429   0.616883
    6      30.00      20m31s       0.781800         0.814850   0.603896   0.540108   0.603896
    7      35.00      19m34s       0.734400         0.776077   0.613636   0.537366   0.613636
    8      40.00      18m26s       0.701800         0.779593   0.610390   0.543539   0.610390
    9      45.00      17m06s       0.667400         0.795132   0.577922   0.524671   0.577922
   10      50.00      15m41s       0.660200         0.814686   0.633117   0.550683   0.633117
   11      55.00      14m12s       0.643100         0.805442   0.587662   0.541636   0.587662
   12      60.00      12m42s       0.611900         0.827904   0.532468   0.504806   0.532468
   13      65.00      11m09s       0.581500         0.837207   0.538961   0.502376   0.538961
   14      70.00      09m36s       0.576000         0.827903   0.603896   0.534716   0.603896
   15      75.00      08m02s       0.572800         0.817468   0.597403   0.542066   0.597403

  eval_loss: 0.8175
  eval_accuracy: 0.5974
  eval_f1_macro: 0.5421
  eval_f1_micro: 0.5974
  eval_f1_weighted: 0.6121
  eval_runtime: 3.2022
  eval_samples_per_second: 96.1850
  eval_steps_per_second: 6.2460
  epoch: 15.0000
  step: 3240
