Epoch  Progress%         ETA  Training Loss  Validation Loss   Accuracy   F1 Macro   F1 Micro
---------------------------------------------------------------------------------------------
    1       5.00      01m34s       1.092400         1.074220   0.506494   0.376067   0.506494
    2      10.00      22m42s       1.057400         1.031764   0.613636   0.337914   0.613636
    3      15.00      28m05s       1.029800         1.005782   0.607143   0.377865   0.607143
    4      20.00      29m28s       1.018200         0.997884   0.490260   0.396840   0.490260
    5      25.00      29m20s       0.991900         0.947910   0.581169   0.415507   0.581169
    6      30.00      28m30s       0.937800         0.926968   0.603896   0.486241   0.603896
    7      35.00      27m04s       0.915100         0.929072   0.483766   0.428256   0.483766
    8      40.00      25m18s       0.889500         0.925860   0.477273   0.433786   0.477273
    9      45.00      23m25s       0.870600         0.939293   0.412338   0.404751   0.412338
   10      50.00      21m47s       0.860000         0.936542   0.568182   0.480887   0.568182
   11      55.00      19m47s       0.856500         0.907176   0.480519   0.441154   0.480519

  eval_loss: 0.9072
  eval_accuracy: 0.4805
  eval_f1_macro: 0.4412
  eval_f1_micro: 0.4805
  eval_f1_weighted: 0.5022
  eval_runtime: 5.0212
  eval_samples_per_second: 61.3390
  eval_steps_per_second: 3.9830
  epoch: 11.0000
  step: 2376
