Epoch  Progress%         ETA  Training Loss  Validation Loss   Accuracy   F1 Macro   F1 Micro
---------------------------------------------------------------------------------------------
    1       5.00      01m18s       1.083000         1.045909   0.483766   0.354395   0.483766
    2      10.00      20m10s       1.051800         1.075429   0.230519   0.204721   0.230519
    3      15.00      25m03s       1.048100         1.020350   0.321429   0.298004   0.321429
    4      20.00      26m20s       1.037100         1.051548   0.230519   0.204721   0.230519
    5      25.00      26m15s       1.034500         0.998993   0.646104   0.402455   0.646104
    6      30.00      25m23s       0.999100         0.939889   0.642857   0.411003   0.642857
    7      35.00      24m10s       0.947700         0.917590   0.594156   0.437017   0.594156
    8      40.00      22m42s       0.886200         0.847696   0.558442   0.492822   0.558442
    9      45.00      21m06s       0.832100         0.835018   0.503247   0.474389   0.503247
   10      50.00      19m23s       0.802800         0.857762   0.668831   0.547566   0.668831
   11      55.00      17m36s       0.784800         0.818278   0.571429   0.517537   0.571429
   12      60.00      15m46s       0.744500         0.861080   0.500000   0.481450   0.500000
   13      65.00      13m53s       0.715300         0.878739   0.538961   0.507743   0.538961
   14      70.00      11m57s       0.699600         0.888644   0.584416   0.536476   0.584416
   15      75.00      10m00s       0.701800         0.859196   0.584416   0.527854   0.584416

  eval_loss: 0.8578
  eval_accuracy: 0.6688
  eval_f1_macro: 0.5476
  eval_f1_micro: 0.6688
  eval_f1_weighted: nan
  epoch: 10.0000
  step: 3240
