Epoch  Progress%         ETA  Training Loss  Validation Loss   Accuracy   F1 Macro   F1 Micro
---------------------------------------------------------------------------------------------
    1       5.00      00m24s       1.079600         1.037496   0.503247   0.368534   0.503247
    2      10.00      06m04s       1.028900         0.998176   0.292208   0.281043   0.292208
    3      15.00      07m32s       0.968700         0.881826   0.412338   0.411187   0.412338
    4      20.00      07m52s       0.877600         0.878822   0.350649   0.380673   0.350649
    5      25.00      07m45s       0.819000         0.800668   0.649351   0.505602   0.649351
    6      30.00      07m27s       0.767800         0.840326   0.603896   0.463632   0.603896
    7      35.00      07m05s       0.759200         0.787009   0.626623   0.517656   0.626623
    8      40.00      06m41s       0.736900         0.788023   0.626623   0.550546   0.626623
    9      45.00      06m15s       0.714000         0.787404   0.603896   0.525885   0.603896
   10      50.00      05m45s       0.728300         0.836061   0.636364   0.562339   0.636364
   11      55.00      05m14s       0.706000         0.792855   0.603896   0.552941   0.603896
   12      60.00      04m42s       0.683600         0.801755   0.597403   0.564586   0.597403
   13      65.00      04m09s       0.666800         0.824644   0.616883   0.583451   0.616883
   14      70.00      03m34s       0.662100         0.807188   0.613636   0.563903   0.613636
   15      75.00      03m00s       0.662600         0.787854   0.607143   0.539956   0.607143
   16      80.00      02m25s       0.644100         0.826016   0.584416   0.555998   0.584416
   17      85.00      01m49s       0.637500         0.816426   0.600649   0.558354   0.600649
   18      90.00      01m13s       0.628900         0.813827   0.600649   0.560749   0.600649

  eval_loss: 0.8246
  eval_accuracy: 0.6169
  eval_f1_macro: 0.5835
  eval_f1_micro: 0.6169
  eval_f1_weighted: nan
  epoch: 13.0000
  step: 3888
