Epoch  Progress%         ETA  Training Loss  Validation Loss   Accuracy   F1 Macro   F1 Micro
---------------------------------------------------------------------------------------------
    1       5.00      00m24s       1.084600         1.075863   0.331169   0.271688   0.331169
    2      10.00      05m58s       1.026600         1.031425   0.353896   0.297944   0.353896
    3      15.00      07m39s       0.944000         0.899205   0.555195   0.479411   0.555195
    4      20.00      08m07s       0.879600         0.860971   0.629870   0.546711   0.629870
    5      25.00      08m08s       0.825400         0.817856   0.668831   0.582041   0.668831
    6      30.00      07m54s       0.793100         0.802846   0.668831   0.590658   0.668831
    7      35.00      07m32s       0.772500         0.781517   0.668831   0.614036   0.668831
    8      40.00      07m06s       0.751600         0.780721   0.681818   0.610417   0.681818
    9      45.00      06m36s       0.722300         0.768221   0.668831   0.615052   0.668831
   10      50.00      06m04s       0.711500         0.813076   0.662338   0.603154   0.662338
   11      55.00      05m29s       0.696900         0.772686   0.662338   0.598695   0.662338
   12      60.00      04m54s       0.687600         0.780889   0.623377   0.574564   0.623377
   13      65.00      04m19s       0.661900         0.819988   0.626623   0.581607   0.626623
   14      70.00      03m43s       0.653500         0.774545   0.649351   0.579651   0.649351

  eval_loss: 0.7682
  eval_accuracy: 0.6688
  eval_f1_macro: 0.6151
  eval_f1_micro: 0.6688
  eval_f1_weighted: nan
  epoch: 9.0000
  step: 3024
