Epoch  Progress%         ETA  Training Loss  Validation Loss   Accuracy   F1 Macro   F1 Micro
---------------------------------------------------------------------------------------------
    1       5.00      00m21s       1.019500         1.005548   0.668831   0.518779   0.668831
    2      10.00      07m52s       0.939300         0.954335   0.412338   0.410832   0.412338
    3      15.00      09m45s       0.864000         0.976833   0.616883   0.521385   0.616883
    4      20.00      10m17s       0.749900         0.974977   0.522727   0.492266   0.522727
    5      25.00      10m15s       0.653600         1.009587   0.639610   0.531266   0.639610
    6      30.00      10m00s       0.472200         1.221438   0.584416   0.518258   0.584416
    7      35.00      09m32s       0.390500         1.191841   0.542208   0.450970   0.542208
    8      40.00      08m59s       0.299500         1.684607   0.652597   0.551911   0.652597
    9      45.00      08m21s       0.228200         1.888432   0.652597   0.519079   0.652597
   10      50.00      07m41s       0.205800         2.383206   0.613636   0.488319   0.613636
   11      55.00      06m59s       0.168100         2.193881   0.620130   0.538287   0.620130
   12      60.00      06m15s       0.110100         2.752014   0.665584   0.543870   0.665584
   13      65.00      05m31s       0.113900         2.729719   0.629870   0.516289   0.629870

  eval_loss: 2.7297
  eval_accuracy: 0.6299
  eval_f1_macro: 0.5163
  eval_f1_micro: 0.6299
  eval_f1_weighted: 0.6272
  eval_runtime: 1.0334
  eval_samples_per_second: 298.0520
  eval_steps_per_second: 19.3540
  epoch: 13.0000
  step: 2808
