Epoch  Progress%         ETA  Training Loss  Validation Loss   Accuracy   F1 Macro   F1 Micro
---------------------------------------------------------------------------------------------
    1       5.00      00m22s       1.084400         1.053797   0.532468   0.339680   0.532468
    2      10.00      05m36s       1.035600         0.999904   0.490260   0.386002   0.490260
    3      15.00      06m56s       1.010200         0.951941   0.373377   0.365977   0.373377
    4      20.00      07m19s       0.936100         0.892395   0.298701   0.314534   0.298701
    5      25.00      07m18s       0.866400         0.808734   0.633117   0.516048   0.633117
    6      30.00      07m05s       0.820300         0.816819   0.607143   0.464885   0.607143
    7      35.00      06m46s       0.806300         0.797707   0.642857   0.531369   0.642857
    8      40.00      06m22s       0.773200         0.791649   0.639610   0.567715   0.639610
    9      45.00      05m56s       0.765100         0.775860   0.633117   0.564018   0.633117
   10      50.00      05m27s       0.770200         0.807421   0.613636   0.542901   0.613636
   11      55.00      04m57s       0.754100         0.781395   0.597403   0.561148   0.597403
   12      60.00      04m27s       0.736400         0.778282   0.561688   0.532081   0.561688
   13      65.00      03m55s       0.712400         0.795321   0.555195   0.530394   0.555195

  eval_loss: 0.7953
  eval_accuracy: 0.5552
  eval_f1_macro: 0.5304
  eval_f1_micro: 0.5552
  eval_f1_weighted: 0.5702
  eval_runtime: 1.1561
  eval_samples_per_second: 266.4220
  eval_steps_per_second: 17.3000
  epoch: 13.0000
  step: 2808
