Epoch  Progress%         ETA  Training Loss  Validation Loss   Accuracy   F1 Macro   F1 Micro
---------------------------------------------------------------------------------------------
    1       5.00      00m22s       1.079900         1.042551   0.464286   0.365783   0.464286
    2      10.00      05m41s       1.027000         0.988621   0.272727   0.259668   0.272727
    3      15.00      07m19s       0.951900         0.846295   0.412338   0.425935   0.412338
    4      20.00      07m48s       0.867400         0.886209   0.324675   0.356027   0.324675
    5      25.00      07m44s       0.821800         0.790371   0.665584   0.537461   0.665584
    6      30.00      07m28s       0.769100         0.821901   0.616883   0.494929   0.616883
    7      35.00      07m08s       0.772700         0.790714   0.629870   0.537062   0.629870
    8      40.00      06m44s       0.740800         0.803235   0.620130   0.545515   0.620130
    9      45.00      06m18s       0.720700         0.798687   0.600649   0.526045   0.600649
   10      50.00      05m50s       0.740200         0.844495   0.633117   0.556587   0.633117
   11      55.00      05m19s       0.715300         0.817173   0.613636   0.565035   0.613636
   12      60.00      04m45s       0.688500         0.817631   0.551948   0.526004   0.551948
   13      65.00      04m11s       0.671500         0.844734   0.571429   0.549321   0.571429
   14      70.00      03m36s       0.679900         0.825674   0.607143   0.556707   0.607143
   15      75.00      03m01s       0.670900         0.837350   0.616883   0.556316   0.616883
   16      80.00      02m26s       0.653900         0.847142   0.581169   0.544139   0.581169

  eval_loss: 0.8172
  eval_accuracy: 0.6136
  eval_f1_macro: 0.5650
  eval_f1_micro: 0.6136
  eval_f1_weighted: nan
  epoch: 11.0000
  step: 3456
