Epoch  Progress%         ETA  Training Loss  Validation Loss   Accuracy   F1 Macro   F1 Micro
---------------------------------------------------------------------------------------------
    1       5.00      00m23s       1.075800         1.039411   0.321429   0.302567   0.321429
    2      10.00      05m43s       1.004800         1.026516   0.425325   0.382848   0.425325
    3      15.00      07m05s       0.977500         0.977503   0.506494   0.429355   0.506494
    4      20.00      07m27s       0.931000         0.961010   0.512987   0.470829   0.512987
    5      25.00      07m26s       0.884200         0.910449   0.590909   0.516208   0.590909
    6      30.00      07m16s       0.825900         0.878120   0.603896   0.497890   0.603896
    7      35.00      06m57s       0.799600         0.861881   0.603896   0.509998   0.603896
    8      40.00      06m34s       0.786200         0.863325   0.659091   0.578433   0.659091
    9      45.00      06m06s       0.767500         0.865047   0.639610   0.596896   0.639610
   10      50.00      05m36s       0.763500         0.915234   0.613636   0.543188   0.613636
   11      55.00      05m05s       0.745300         0.841483   0.639610   0.566956   0.639610
   12      60.00      04m34s       0.727300         0.880662   0.607143   0.545045   0.607143
   13      65.00      04m01s       0.707400         0.886476   0.629870   0.581222   0.629870
   14      70.00      03m27s       0.693800         0.878930   0.629870   0.573922   0.629870

  eval_loss: 0.8650
  eval_accuracy: 0.6396
  eval_f1_macro: 0.5969
  eval_f1_micro: 0.6396
  eval_f1_weighted: nan
  epoch: 9.0000
  step: 3024
