Epoch  Progress%         ETA  Training Loss  Validation Loss   Accuracy   F1 Macro   F1 Micro
---------------------------------------------------------------------------------------------
    1       5.00      00m25s       1.144600         1.074714   0.564935   0.343659   0.564935
    2      10.00      06m02s       1.058100         1.018140   0.555195   0.409776   0.555195
    3      15.00      07m28s       1.047100         1.012242   0.509740   0.392055   0.509740
    4      20.00      07m51s       1.040000         1.014432   0.383117   0.332835   0.383117
    5      25.00      07m50s       1.029900         1.014137   0.581169   0.402836   0.581169
    6      30.00      07m35s       1.015300         0.997416   0.607143   0.409961   0.607143
    7      35.00      07m14s       1.020600         1.004446   0.613636   0.439589   0.613636
    8      40.00      06m49s       1.006500         1.016372   0.555195   0.432848   0.555195
    9      45.00      06m21s       1.001700         0.976599   0.545455   0.434489   0.545455
   10      50.00      05m51s       0.987500         0.987379   0.532468   0.435575   0.532468
   11      55.00      05m19s       0.980400         0.954766   0.548701   0.448166   0.548701
   12      60.00      04m45s       0.959100         0.955215   0.461039   0.402144   0.461039
   13      65.00      04m12s       0.937700         0.953509   0.490260   0.422869   0.490260
   14      70.00      03m37s       0.921100         0.942672   0.500000   0.435537   0.500000
   15      75.00      03m02s       0.919000         0.931760   0.532468   0.472585   0.532468
   16      80.00      02m27s       0.902200         0.930207   0.535714   0.477035   0.535714
   17      85.00      01m50s       0.901600         0.929523   0.525974   0.474524   0.525974
   18      90.00      01m14s       0.886800         0.921353   0.535714   0.480786   0.535714
   19      95.00      00m37s       0.884700         0.923540   0.522727   0.473789   0.522727
   20     100.00      00m00s       0.881700         0.920853   0.532468   0.478760   0.532468

  eval_loss: 0.9209
  eval_accuracy: 0.5325
  eval_f1_macro: 0.4788
  eval_f1_micro: 0.5325
  eval_f1_weighted: 0.5545
  eval_runtime: 1.2689
  eval_samples_per_second: 242.7340
  eval_steps_per_second: 15.7620
  epoch: 20.0000
  step: 4320
