Epoch  Progress%         ETA  Training Loss  Validation Loss   Accuracy   F1 Macro   F1 Micro
---------------------------------------------------------------------------------------------
    1       5.00      03m50s       1.076700         1.050582   0.558442   0.331176   0.558442
    2      10.00      58m49s       1.038100         1.034591   0.600649   0.331384   0.600649
    3      15.00       1h03m       1.025500         1.024972   0.623377   0.348730   0.623377
    4      20.00       1h01m       0.996600         1.005420   0.405844   0.372067   0.405844
    5      25.00       1h00m       0.947900         0.963307   0.558442   0.471061   0.558442
    6      30.00      53m44s       0.905300         0.946111   0.564935   0.508465   0.564935
    7      35.00      48m23s       0.883000         0.937919   0.558442   0.518783   0.558442
    8      40.00      43m18s       0.856100         0.940152   0.516234   0.491591   0.516234
    9      45.00      38m39s       0.840900         0.936326   0.519481   0.484063   0.519481
   10      50.00      34m42s       0.829900         0.963398   0.451299   0.438237   0.451299
   11      55.00      32m13s       0.819500         0.949462   0.487013   0.452135   0.487013
   12      60.00      29m10s       0.818600         0.920485   0.470779   0.462251   0.470779

  eval_loss: 0.9379
  eval_accuracy: 0.5584
  eval_f1_macro: 0.5188
  eval_f1_micro: 0.5584
  eval_f1_weighted: nan
  epoch: 7.0000
  step: 2592
