Epoch  Progress%         ETA  Training Loss  Validation Loss   Accuracy   F1 Macro   F1 Micro
---------------------------------------------------------------------------------------------
    1       5.00      01m34s       1.084300         1.064469   0.240260   0.238634   0.240260
    2      10.00      22m26s       1.045900         1.040157   0.594156   0.333247   0.594156
    3      15.00      27m40s       1.032100         1.031174   0.600649   0.329153   0.600649
    4      20.00      29m08s       1.017200         1.024420   0.376623   0.344631   0.376623
    5      25.00      29m01s       0.989300         1.004724   0.629870   0.436012   0.629870
    6      30.00      28m14s       0.950600         0.995450   0.483766   0.425213   0.483766
    7      35.00      26m53s       0.930800         0.975516   0.483766   0.441148   0.483766
    8      40.00      25m11s       0.899800         0.988578   0.389610   0.391218   0.389610
    9      45.00      23m39s       0.885200         0.954428   0.509740   0.497996   0.509740
   10      50.00      22m17s       0.871900         0.974847   0.457792   0.430519   0.457792
   11      55.00      23m07s       0.870500         0.974033   0.464286   0.434467   0.464286
   12      60.00      23m30s       0.863400         0.947500   0.532468   0.498320   0.532468
   13      65.00      21m57s       0.848700         0.954074   0.529221   0.492348   0.529221
   14      70.00      20m10s       0.846000         0.958936   0.509740   0.463552   0.509740
   15      75.00      17m08s       0.837800         0.950443   0.493506   0.470383   0.493506
   16      80.00      13m47s       0.832000         0.969605   0.487013   0.438308   0.487013
   17      85.00      10m31s       0.832700         0.961224   0.493506   0.450415   0.493506

  eval_loss: 0.9612
  eval_accuracy: 0.4935
  eval_f1_macro: 0.4504
  eval_f1_micro: 0.4935
  eval_f1_weighted: 0.5107
  eval_runtime: 9.0411
  eval_samples_per_second: 34.0670
  eval_steps_per_second: 2.2120
  epoch: 17.0000
  step: 3672
