Epoch  Progress%         ETA  Training Loss  Validation Loss   Accuracy   F1 Macro   F1 Micro
---------------------------------------------------------------------------------------------
    1       5.00      00m22s       1.084900         1.057753   0.474026   0.377916   0.474026
    2      10.00      05m38s       1.052200         1.044155   0.259740   0.252027   0.259740
    3      15.00      06m59s       1.032800         0.994812   0.256494   0.243595   0.256494
    4      20.00      07m22s       0.979700         0.905704   0.321429   0.343089   0.321429
    5      25.00      07m21s       0.941900         0.879347   0.633117   0.488922   0.633117
    6      30.00      07m08s       0.891700         0.908627   0.616883   0.415395   0.616883
    7      35.00      06m48s       0.873000         0.888673   0.639610   0.440334   0.639610
    8      40.00      06m24s       0.828200         0.900466   0.629870   0.484221   0.629870
    9      45.00      05m57s       0.816800         0.909252   0.633117   0.466704   0.633117
   10      50.00      05m27s       0.810400         0.892433   0.668831   0.502710   0.668831
   11      55.00      04m56s       0.793200         0.870537   0.626623   0.488513   0.626623
   12      60.00      04m26s       0.771200         0.903358   0.461039   0.446955   0.461039
   13      65.00      03m54s       0.765200         0.911694   0.558442   0.494848   0.558442
   14      70.00      03m22s       0.756600         0.916925   0.597403   0.507191   0.597403
   15      75.00      02m49s       0.761000         0.937466   0.607143   0.484605   0.607143
   16      80.00      02m16s       0.742600         0.924205   0.571429   0.484292   0.571429
   17      85.00      01m43s       0.731100         0.935932   0.564935   0.475684   0.564935
   18      90.00      01m09s       0.726700         0.942088   0.577922   0.486003   0.577922
   19      95.00      00m34s       0.723400         0.933498   0.545455   0.482037   0.545455

  eval_loss: 0.9169
  eval_accuracy: 0.5974
  eval_f1_macro: 0.5072
  eval_f1_micro: 0.5974
  eval_f1_weighted: nan
  epoch: 14.0000
  step: 4104
