Epoch  Progress%         ETA  Training Loss  Validation Loss   Accuracy   F1 Macro   F1 Micro
---------------------------------------------------------------------------------------------
    1       5.00      01m01s       1.087600         1.051196   0.275974   0.257803   0.275974
    2      10.00      15m39s       1.054800         1.065422   0.233766   0.208293   0.233766
    3      15.00      19m25s       1.048700         1.020470   0.383117   0.344200   0.383117
    4      20.00      20m28s       1.036000         1.037195   0.250000   0.224792   0.250000
    5      25.00      20m26s       1.031800         0.994635   0.623377   0.380780   0.623377
    6      30.00      19m50s       0.987800         0.951828   0.545455   0.377033   0.545455
    7      35.00      18m55s       0.921200         0.872289   0.574675   0.411186   0.574675
    8      40.00      17m48s       0.867900         0.853012   0.512987   0.472286   0.512987
    9      45.00      16m34s       0.820600         0.837232   0.522727   0.483967   0.522727
   10      50.00      15m14s       0.805500         0.909781   0.672078   0.543167   0.672078
   11      55.00      13m51s       0.786800         0.825981   0.522727   0.494718   0.522727
   12      60.00      12m25s       0.728900         0.835281   0.496753   0.467880   0.496753
   13      65.00      10m56s       0.706500         0.857514   0.522727   0.492153   0.522727
   14      70.00      09m25s       0.691900         0.848273   0.512987   0.492017   0.512987
   15      75.00      07m54s       0.682700         0.844115   0.512987   0.483782   0.512987

  eval_loss: 0.9098
  eval_accuracy: 0.6721
  eval_f1_macro: 0.5432
  eval_f1_micro: 0.6721
  eval_f1_weighted: nan
  epoch: 10.0000
  step: 3240
