Epoch  Progress%         ETA  Training Loss  Validation Loss   Accuracy   F1 Macro   F1 Micro
---------------------------------------------------------------------------------------------
    1       5.00      01m04s       1.072600         1.043866   0.448052   0.330320   0.448052
    2      10.00      16m20s       1.050000         1.038098   0.253247   0.234037   0.253247
    3      15.00      20m14s       1.016300         0.932536   0.574675   0.450293   0.574675
    4      20.00      21m15s       0.855800         0.850884   0.503247   0.510580   0.503247
    5      25.00      21m11s       0.789800         0.826463   0.633117   0.549431   0.633117
    6      30.00      20m33s       0.724900         0.841055   0.545455   0.503473   0.545455
    7      35.00      19m36s       0.681300         0.786348   0.613636   0.554151   0.613636
    8      40.00      18m27s       0.639200         0.791355   0.590909   0.534116   0.590909
    9      45.00      17m10s       0.617700         0.831077   0.542208   0.522409   0.542208
   10      50.00      15m50s       0.594900         0.861319   0.642857   0.580491   0.642857
   11      55.00      14m26s       0.576800         0.800299   0.597403   0.556466   0.597403
   12      60.00      12m56s       0.548800         0.834565   0.597403   0.580018   0.597403
   13      65.00      11m24s       0.517700         0.862194   0.577922   0.557512   0.577922
   14      70.00      09m53s       0.510700         0.887323   0.629870   0.551613   0.629870
   15      75.00      08m18s       0.512500         0.840182   0.623377   0.590541   0.623377
   16      80.00      06m40s       0.466900         0.844156   0.626623   0.585361   0.626623
   17      85.00      05m02s       0.473100         0.866457   0.623377   0.587715   0.623377
   18      90.00      03m22s       0.469900         0.877643   0.590909   0.559779   0.590909
   19      95.00      01m41s       0.445800         0.902429   0.610390   0.556560   0.610390
   20     100.00      00m00s       0.444800         0.887130   0.610390   0.569000   0.610390

  eval_loss: 0.8402
  eval_accuracy: 0.6234
  eval_f1_macro: 0.5905
  eval_f1_micro: 0.6234
  eval_f1_weighted: nan
  epoch: 15.0000
  step: 4320
