Epoch  Progress%         ETA  Training Loss  Validation Loss   Accuracy   F1 Macro   F1 Micro
---------------------------------------------------------------------------------------------
    1       5.00      00m19s       1.080600         1.070503   0.266234   0.251473   0.266234
    2      10.00      07m00s       0.992100         0.941978   0.298701   0.301716   0.298701
    3      15.00      08m41s       0.895200         0.992327   0.655844   0.412564   0.655844
    4      20.00      09m09s       0.820900         0.869693   0.373377   0.402793   0.373377
    5      25.00      09m07s       0.731100         0.946646   0.587662   0.494050   0.587662
    6      30.00      08m53s       0.666400         0.991338   0.571429   0.493031   0.571429
    7      35.00      08m29s       0.607200         0.985729   0.665584   0.532751   0.665584
    8      40.00      08m03s       0.503900         1.225332   0.558442   0.505058   0.558442
    9      45.00      07m31s       0.421900         1.130367   0.659091   0.557689   0.659091
   10      50.00      06m57s       0.354600         1.485280   0.668831   0.558369   0.668831
   11      55.00      06m19s       0.289400         1.586035   0.555195   0.496769   0.555195
   12      60.00      05m41s       0.255900         1.895943   0.623377   0.531213   0.623377
   13      65.00      05m01s       0.222000         2.118329   0.577922   0.512215   0.577922
   14      70.00      04m20s       0.193100         2.116754   0.675325   0.554694   0.675325
   15      75.00      03m37s       0.168800         2.237019   0.655844   0.533055   0.655844
