Epoch  Progress%         ETA  Training Loss  Validation Loss   Accuracy   F1 Macro   F1 Micro
---------------------------------------------------------------------------------------------
    1       5.00      02m02s       1.078400         1.040293   0.561688   0.333290   0.561688
    2      10.00      36m35s       1.033900         1.022906   0.571429   0.386129   0.571429
    3      15.00      44m58s       1.024300         1.015790   0.542208   0.389834   0.542208
    4      20.00      43m39s       1.003000         0.984318   0.509740   0.415365   0.509740
    5      25.00      41m48s       0.947800         0.968648   0.555195   0.454430   0.555195
    6      30.00      39m38s       0.902100         0.923513   0.587662   0.507395   0.587662
    7      35.00      37m07s       0.877700         0.898402   0.594156   0.500709   0.594156
    8      40.00      34m42s       0.852800         0.917829   0.542208   0.505171   0.542208
    9      45.00      34m38s       0.835400         0.923944   0.555195   0.508681   0.555195
   10      50.00      33m20s       0.831000         0.959660   0.451299   0.447773   0.451299
   11      55.00      31m19s       0.824100         0.934254   0.477273   0.490158   0.477273
   12      60.00      28m49s       0.811900         0.903686   0.519481   0.510512   0.519481
   13      65.00      27m23s       0.798000         0.916162   0.532468   0.508353   0.532468
   14      70.00      25m32s       0.786900         0.902706   0.522727   0.501661   0.522727
   15      75.00      22m38s       0.789500         0.916405   0.548701   0.523142   0.548701
   16      80.00      19m40s       0.780800         0.921032   0.532468   0.504881   0.532468
   17      85.00      15m38s       0.779700         0.910173   0.525974   0.505762   0.525974
   18      90.00      10m29s       0.771600         0.913128   0.538961   0.506448   0.538961
   19      95.00      05m08s       0.778300         0.934759   0.503247   0.496076   0.503247
   20     100.00      00m00s       0.770600         0.929264   0.519481   0.496762   0.519481

  eval_loss: 0.9164
  eval_accuracy: 0.5487
  eval_f1_macro: 0.5231
  eval_f1_micro: 0.5487
  eval_f1_weighted: nan
  epoch: 15.0000
  step: 4320
