Epoch  Progress%         ETA  Training Loss  Validation Loss   Accuracy   F1 Macro   F1 Micro
---------------------------------------------------------------------------------------------
    1       5.00      00m25s       1.102700         1.064968   0.649351   0.342322   0.649351
    2      10.00      05m58s       1.061300         1.009565   0.652597   0.360569   0.652597
    3      15.00      07m04s       1.050700         1.013822   0.564935   0.357186   0.564935
    4      20.00      07m26s       1.045700         1.019732   0.438312   0.361959   0.438312
    5      25.00      07m24s       1.040100         1.003538   0.542208   0.372942   0.542208
    6      30.00      07m10s       1.026100         0.992272   0.600649   0.373093   0.600649
    7      35.00      06m50s       1.025300         0.993451   0.558442   0.373914   0.558442
    8      40.00      06m26s       1.012800         0.995714   0.558442   0.409000   0.558442
    9      45.00      06m00s       1.001900         0.966376   0.597403   0.427151   0.597403
   10      50.00      05m31s       0.984600         0.971445   0.594156   0.431158   0.594156
   11      55.00      05m01s       0.980400         0.958302   0.620130   0.451164   0.620130
   12      60.00      04m29s       0.964800         0.951064   0.594156   0.496059   0.594156
   13      65.00      03m57s       0.944600         0.942974   0.610390   0.463928   0.610390
   14      70.00      03m25s       0.934200         0.939982   0.571429   0.480448   0.571429
   15      75.00      02m51s       0.930600         0.934159   0.600649   0.488312   0.600649
   16      80.00      02m18s       0.917400         0.933256   0.603896   0.483819   0.603896
   17      85.00      01m44s       0.916900         0.931783   0.581169   0.480836   0.581169

  eval_loss: 0.9318
  eval_accuracy: 0.5812
  eval_f1_macro: 0.4808
  eval_f1_micro: 0.5812
  eval_f1_weighted: 0.5896
  eval_runtime: 1.2161
  eval_samples_per_second: 253.2670
  eval_steps_per_second: 16.4460
  epoch: 17.0000
  step: 3672
