Epoch  Progress%         ETA  Training Loss  Validation Loss   Accuracy   F1 Macro   F1 Micro
---------------------------------------------------------------------------------------------
    1       5.00      00m25s       1.077600         1.040696   0.318182   0.295237   0.318182
    2      10.00      05m55s       1.007100         1.032365   0.431818   0.381168   0.431818
    3      15.00      07m15s       0.982100         0.981156   0.487013   0.421913   0.487013
    4      20.00      07m35s       0.939500         0.955278   0.529221   0.470094   0.529221
    5      25.00      07m32s       0.895900         0.917206   0.571429   0.498529   0.571429
    6      30.00      07m18s       0.836400         0.883932   0.607143   0.506430   0.607143
    7      35.00      06m57s       0.815600         0.876564   0.600649   0.514474   0.600649
    8      40.00      06m32s       0.800100         0.863988   0.659091   0.574959   0.659091
    9      45.00      06m04s       0.779100         0.871321   0.633117   0.584747   0.633117
   10      50.00      05m35s       0.777600         0.902332   0.626623   0.554510   0.626623
   11      55.00      05m04s       0.758500         0.833173   0.652597   0.588958   0.652597
   12      60.00      04m33s       0.744100         0.872962   0.603896   0.547152   0.603896
   13      65.00      04m00s       0.724200         0.880257   0.649351   0.608320   0.649351
   14      70.00      03m27s       0.719900         0.862111   0.642857   0.601499   0.642857
   15      75.00      02m53s       0.702000         0.864116   0.646104   0.589549   0.646104
   16      80.00      02m19s       0.701700         0.853366   0.610390   0.539243   0.610390
   17      85.00      01m45s       0.685500         0.867553   0.607143   0.534432   0.607143
   18      90.00      01m10s       0.684800         0.871747   0.610390   0.540326   0.610390

  eval_loss: 0.8803
  eval_accuracy: 0.6494
  eval_f1_macro: 0.6083
  eval_f1_micro: 0.6494
  eval_f1_weighted: nan
  epoch: 13.0000
  step: 3888
