Epoch  Progress%         ETA  Training Loss  Validation Loss   Accuracy   F1 Macro   F1 Micro
---------------------------------------------------------------------------------------------
    1       5.00      07m27s       1.119700         1.104571   0.227273   0.197778   0.227273
    2      10.00       1h53m       1.118200         1.110556   0.256494   0.136090   0.256494
    3      15.00       2h21m       1.116000         1.095738   0.256494   0.136090   0.256494
    4      20.00       2h28m       1.115200         1.093126   0.256494   0.136090   0.256494
    5      25.00       2h28m       1.112200         1.073981   0.668831   0.267185   0.668831
    6      30.00       2h24m       1.106100         1.085088   0.668831   0.267185   0.668831
    7      35.00       2h17m       1.106300         1.097539   0.668831   0.267185   0.668831
    8      40.00       2h09m       1.110700         1.065266   0.668831   0.267185   0.668831
    9      45.00       2h00m       1.102100         1.079810   0.668831   0.267185   0.668831
   10      50.00       1h51m       1.104000         1.070800   0.668831   0.267185   0.668831
